Iteration: 1
Solution:  1.1049085659287776 -0.2603129445234708  1.3387096774193548 -0.1853052404105889
Vector of residuals: -3.42441475714 -1.38731666636 -2.05163161877 0.406321888067
Error: 25.5458929165
Iteration: 2
Solution:  0.7753210050879507 -0.4576552868220310  0.9710337600774946 -0.2072567200468318
Vector of residuals: 1.7652524353 0.368493015517 1.01282012875 3.82746585281
Error: 7.01616621649
Iteration: 3
Solution:  0.9452201807662315 -0.4052380726659926  1.1525427437240392 -0.4140349941047443
Vector of residuals: -0.265022805046 -0.347208643005 -0.350142513674 -1.26605274081
Error: 3.94584108537

Iteration: 15
Solution:  0.9410714922862460 -0.4528510227249862  1.1000060601470580 -0.3830176876980250
Vector of residuals: 1.22272809726e-05 -5.28889419638e-06 -2.65629562346e-06 2.2920614648e-05
Error: 5.19530018732e-05
